======================================================================
START VALUES SOIL PROFILE 
----------------------------------------------------------------------
Layer	|Num.	|Water	|Matric	|Soil 	|Amount|Amount	|Root
	    |st.	|Cont.	|Pot.	|Temp.	|NH4-N |NO3-N	|dens.
		|1/1	|Vol%	|kPa	|°C		|kgN/ha|kgN/ha	|1/1 
----------------------------------------------------------------------
10011
        1         1     12.92       -91      20.0     0.810      8.10         0
        2         1     13.52       -76      18.0     0.720      7.20         0
        3         1     14.13       -64      16.0     0.640      6.40         0
        4         1     14.79       -54      15.0     0.570      5.70         0
        5         1     15.44       -46      13.0     0.500      5.00         0
        6         1     16.60       -40      12.0     0.450      4.50         0
        7         1     17.34       -34      11.0     0.400      4.00         0
        8         1     17.93       -30      10.0     0.350      3.50         0
        9         1     18.66       -26       9.0     0.310      3.10         0
       10         1     19.31       -23       8.2     0.280      2.80         0
       11         1     19.81       -21       7.4     0.250      2.50         0
       12         1     20.38       -19       6.7     0.220      2.20         0
       13         1     21.03       -17       6.0     0.190      1.90         0
       14         1     21.40       -16       5.5     0.170      1.70         0
       15         1     21.80       -15       5.0     0.150      1.50         0
       16         1     22.24       -14       4.5     0.130      1.30         0
       17         1     22.72       -13       4.1     0.120      1.20         0
       18         1     22.72       -13       3.7     0.110      1.10         0
       19         1     24.23       -12       3.3     0.094      0.94         0
       20         1     24.23       -12       3.0     0.083      0.83         0
       21         1     24.73       -11       2.7     0.074      0.74         0
       22         1     24.73       -11       2.5     0.066      0.66         0
       23         1     24.73       -11       2.2     0.058      0.58         0
       24         1     24.73       -11       2.0     0.052      0.52         0
       25         1     24.73       -11       1.8     0.046      0.46         0
       26         1     24.73       -11       1.6     0.041      0.41         0
       27         1     25.30       -10       1.5     0.036      0.36         0
       28         1     25.30       -10       1.3     0.032      0.32         0
       29         1     25.30       -10       1.2     0.028      0.28         0
       30         1     25.30       -10       1.1     0.025      0.25         0

=============================================================================
SOIL PHYSICAL PARAMETERS (Bodenbibliothek der Datenerfassung)
Layer	|Soil	|Wilting	|Field		|Total Pore	|Satur. Hydr.
	|type	|Point		|Capacity	|Volume		|Conductivity
	|ADV	|Vol.%		|Vol.%		|Vol.%		|mm/d
=============================================================================
10020
        1 Ut3           11.34     33.21     43.17     285.9
        2 Ut3           11.34     33.21     43.17     285.9
        3 Ut3           11.34     33.21     43.17     285.9
        4 Ut3           11.34     33.21     43.17     285.9
        5 Ut3           11.34     33.21     43.17     285.9
        6 Ut3           11.97     33.21     43.06     213.9
        7 Ut3           11.97     33.21     43.06     213.9
        8 Ut3           11.97     33.21     43.06     213.9
        9 Ut3           11.97     33.21     43.06     213.9
       10 Ut3           11.97     33.21     43.06     213.9
       11 Ut3           11.97     33.21     43.06     213.9
       12 Ut3           11.97     33.21     43.06     213.9
       13 Ut3           11.97     33.21     43.06     213.9
       14 Ut3           11.97     33.21     43.06     213.9
       15 Ut3           11.97     33.21     43.06     213.9
       16 Ut3           11.97     33.21     43.06     213.9
       17 Ut3           11.97     33.21     43.06     213.9
       18 Ut3           11.97     33.21     43.06     213.9
       19 Lu            14.11     32.91     43.78     128.4
       20 Lu            14.11     32.91     43.78     128.4
       21 Lu            14.11     32.91     43.78     128.4
       22 Lu            14.11     32.91     43.78     128.4
       23 Lu            14.11     32.91     43.78     128.4
       24 Lu            14.11     32.91     43.78     128.4
       25 Lu            14.11     32.91     43.78     128.4
       26 Lu            14.11     32.91     43.78     128.4
       27 Lu            14.11     32.91     43.78     128.4
       28 Lu            14.11     32.91     43.78     128.4
       29 Lu            14.11     32.91     43.78     128.4
       30 Lu            14.11     32.91     43.78     128.4

=============================================================================
SOIL HYDRAULIC CURVE PARAMETERS
Layer	|Water	|Campbell		|van Genuchten
	|Res.	|Sat.	|A	|B	|alpha	|n	|m
	|Vol.%	|Vol%	|kPa	|1/1	|1/cm	|1/1	|1/1
=============================================================================
10021
        1     5.490     43.17     -0.05         7   0.00471     1.432    0.3015   0.53280         1         2
        2     5.490     43.17     -0.05         7   0.00471     1.432    0.3015   0.53280         1         2
        3     5.490     43.17     -0.05         7   0.00471     1.432    0.3015   0.53280         1         2
        4     5.490     43.17     -0.05         7   0.00471     1.432    0.3015   0.53280         1         2
        5     5.490     43.17     -0.05         7   0.00471     1.432    0.3015   0.53280         1         2
        6     6.022     43.06     -0.05         7   0.00486     1.421    0.2962   0.41570         1         2
        7     6.022     43.06     -0.05         7   0.00486     1.421    0.2962   0.41570         1         2
        8     6.022     43.06     -0.05         7   0.00486     1.421    0.2962   0.41570         1         2
        9     6.022     43.06     -0.05         7   0.00486     1.421    0.2962   0.41570         1         2
       10     6.022     43.06     -0.05         7   0.00486     1.421    0.2962   0.41570         1         2
       11     6.022     43.06     -0.05         7   0.00486     1.421    0.2962   0.41570         1         2
       12     6.022     43.06     -0.05         7   0.00486     1.421    0.2962   0.41570         1         2
       13     6.022     43.06     -0.05         7   0.00486     1.421    0.2962   0.41570         1         2
       14     6.022     43.06     -0.05         7   0.00486     1.421    0.2962   0.41570         1         2
       15     6.022     43.06     -0.05         7   0.00486     1.421    0.2962   0.41570         1         2
       16     6.022     43.06     -0.05         7   0.00486     1.421    0.2962   0.41570         1         2
       17     6.022     43.06     -0.05         7   0.00486     1.421    0.2962   0.41570         1         2
       18     6.022     43.06     -0.05         7   0.00486     1.421    0.2962   0.41570         1         2
       19     7.375     43.78     -0.05         7   0.00674     1.361    0.2654  -0.06197         1         2
       20     7.375     43.78     -0.05         7   0.00674     1.361    0.2654  -0.06197         1         2
       21     7.375     43.78     -0.05         7   0.00674     1.361    0.2654  -0.06197         1         2
       22     7.375     43.78     -0.05         7   0.00674     1.361    0.2654  -0.06197         1         2
       23     7.375     43.78     -0.05         7   0.00674     1.361    0.2654  -0.06197         1         2
       24     7.375     43.78     -0.05         7   0.00674     1.361    0.2654  -0.06197         1         2
       25     7.375     43.78     -0.05         7   0.00674     1.361    0.2654  -0.06197         1         2
       26     7.375     43.78     -0.05         7   0.00674     1.361    0.2654  -0.06197         1         2
       27     7.375     43.78     -0.05         7   0.00674     1.361    0.2654  -0.06197         1         2
       28     7.375     43.78     -0.05         7   0.00674     1.361    0.2654  -0.06197         1         2
       29     7.375     43.78     -0.05         7   0.00674     1.361    0.2654  -0.06197         1         2
       30     7.375     43.78     -0.05         7   0.00674     1.361    0.2654  -0.06197         1         2

